[rail-tracks.jpg]
filters=finetune2=1,0.000000,0.000000,0.070175,00000000,0.000000;dir_tint=1,0.468811,0.767551,0.836257,0.181287,fffcfff6,0;finetune2=1,0.000000,0.000000,0.000000,00000000,-0.134503;enhance=1;
moddate=8f0fd2584d10d401
width=2560
height=1600
textactive=0
